1+111+1;
3+3;
4+5;

#할당연산자
#오른쪽 값을 왼쪽의 이름에 저장
x <- c(2,5,1)
#오른쪽 값을 왼쪽의 이름에 저장 같은 의미지만 다르게 작동?
x = c(2,5,1)

x = y <- 10
x = 10;
y <- x;
x;
#
y <- c(10,
       20,
       30)
y;
z <-10;
z=11;
z;

3+4 #더하기
3-4 #빼기
3*4 #곱하기
3/4 #나누기
3**4 #거듭제곱
3^4 #거듭제곱
13 %/% 4 #몫
13 %% 4 #나머지

x<-y <-10
x;

3>4
3>=4
3<4
3<=4
3==4
3!=4
!(3==4)

x <- 3; y <- 4; (x>3) &( y>3)

x <- 1

(x > 3) & (y > 3)
(x > 3) && (y > 3)
